-0.038193007080184 -0.030630221192677 -0.024477925113082 -0.019519773129606 -0.015544067950592 -0.012369261150728 -0.009833358978482 -0.007816221123453 -0.006209393093616 -0.004933380997853 -0.003918685177441 -0.003112557640374 -0.002474097525968 -0.001965383898868 -0.001561225031444 -0.001240151870019 -0.000984477386417 -0.000782433510515 -0.000621597042632 -0.000493354931657 -0.000392119588501 -0.000311543541958 -0.000247375562881 -0.000196418929489 -0.000156137132041 -0.000123978106297 -0.000098503109229 -0.000078252052351 -0.000062115416491 -0.000049380097802 -0.000039190736536
-0.047368879724702 -0.038193007080184 -0.030627212622099 -0.024477455464521 -0.019519397835392 -0.015546494173625 -0.012366195033806 -0.009833001625745 -0.007813336620877 -0.006208603271429 -0.004932064001990 -0.003917692880815 -0.003114191488615 -0.002473920358103 -0.001965214795143 -0.001561073327123 -0.001239243498586 -0.000984917602483 -0.000782460420053 -0.000621031364824 -0.000493597542415 -0.000392169171039 -0.000311395009700 -0.000247251133423 -0.000196544642906 -0.000156063035805 -0.000123995240726 -0.000098503311137 -0.000078190592475 -0.000062159434431 -0.000049333114929
-0.058274462445143 -0.047373305793966 -0.038193007080184 -0.030629640649151 -0.024479422486875 -0.019524386105343 -0.015544217493602 -0.012366995600244 -0.009830372113389 -0.007813135197030 -0.006207576111046 -0.004931315765312 -0.003920146786240 -0.003114284616390 -0.002473958657362 -0.001965223357635 -0.001560088317078 -0.001239923513780 -0.000985051489663 -0.000781827737209 -0.000621399853080 -0.000493710084990 -0.000392022003747 -0.000311269983564 -0.000247434503992 -0.000196471319733 -0.000156100454232 -0.000124008086081 -0.000098435940469 -0.000078253947585 -0.000062106598628
-0.070805276792201 -0.058275463280221 -0.047369733735448 -0.038193007080184 -0.030629643921949 -0.024483665296288 -0.019519962135562 -0.015543957449474 -0.012362687056162 -0.009829316150266 -0.007811204783099 -0.006206126900705 -0.004933999608704 -0.003919942918761 -0.003114077706418 -0.002473766750522 -0.001963822480549 -0.001560816464638 -0.001239990449450 -0.000984174353852 -0.000782227527250 -0.000621490603402 -0.000493484372344 -0.000391832495018 -0.000311475306969 -0.000247321927627 -0.000196502323085 -0.000156103832688 -0.000123913116816 -0.000098507626874 -0.000078181024366
-0.084486855156254 -0.070806396420344 -0.058271271700017 -0.047369728920908 -0.038193007080184 -0.030634884866280 -0.024478157656663 -0.019519635040558 -0.015538557012979 -0.012361360292609 -0.009826889482789 -0.007809381739560 -0.006209502221300 -0.004933742550239 -0.003919682099528 -0.003113835830846 -0.002472003229936 -0.001964738803204 -0.001560900548310 -0.001238886188689 -0.000984677499539 -0.000782341677831 -0.000621206405278 -0.000493245761590 -0.000392090916163 -0.000311333559464 -0.000247360927897 -0.000196506554244 -0.000155984266305 -0.000124003343373 -0.000098415818816
-0.098259364769546 -0.084477308483833 -0.070791517155971 -0.058262232400664 -0.047362020214778 -0.038193007080184 -0.030622837421786 -0.024473511451991 -0.019509480738253 -0.015534169650990 -0.012356140328732 -0.009822867086760 -0.007812246797264 -0.006208082229712 -0.004932542634132 -0.003918684936077 -0.003111066179391 -0.002472719297018 -0.001964497206224 -0.001559234771752 -0.001239300343411 -0.000984647032773 -0.000781845637338 -0.000620796234181 -0.000493483778790 -0.000391843173031 -0.000311327586070 -0.000247322507704 -0.000196321316439 -0.000156070239463 -0.000123865864148
-0.110461292106946 -0.098273784195618 -0.084486266691754 -0.070804712935414 -0.058273966899102 -0.047379743713074 -0.038193007080184 -0.030629140803981 -0.024470619785958 -0.019511826870226 -0.015533892472063 -0.012356089131225 -0.009830449482524 -0.007813631433197 -0.006209093919784 -0.004933292004331 -0.003916791498409 -0.003113232430680 -0.002473420547533 -0.001963198795286 -0.001560390281393 -0.001239765964426 -0.000984422905076 -0.000781647153019 -0.000621348388065 -0.000493372536397 -0.000391995008609 -0.000311405823425 -0.000247189856026 -0.000196509407176 -0.000155960609896
-0.118966207052368 -0.110462987124070 -0.098270019102546 -0.084487289991340 -0.070805688754573 -0.058283869288656 -0.047370469056760 -0.038193007080184 -0.030619263145190 -0.024468441287100 -0.019507384050263 -0.015530551103617 -0.012362991629660 -0.009830104954998 -0.007813244747393 -0.006208717410760 -0.004929860948935 -0.003918684863635 -0.003113452952466 -0.002471260166570 -0.001964235702737 -0.001560644472602 -0.001239220101575 -0.000983963633454 -0.000782175937445 -0.000621076170698 -0.000493458714809 -0.000392010105429 -0.000311172589093 -0.000247374045871 -0.000196329596345
-0.121974199358691 -0.118975826965544 -0.110475458607470 -0.098290283718818 -0.084508545244760 -0.070835993145333 -0.058290033758256 -0.047385004275441 -0.038193007080184 -0.030626447226241 -0.024470901526623 -0.019509626902846 -0.015544339220104 -0.012366660157493 -0.009832886145754 -0.007815371250079 -0.006206467703377 -0.004933886710498 -0.003920268577985 -0.003111770887528 -0.002473389686522 -0.001965210711952 -0.001560477515216 -0.001239055004481 -0.000984957616560 -0.000782093980446 -0.000621391802517 -0.000493642281014 -0.000391847128809 -0.000311508300122 -0.000247230110595
-0.118760966842938 -0.121974137351109 -0.118976498313188 -0.110480466436841 -0.098296524640629 -0.084525818814287 -0.070828989452108 -0.058294678656053 -0.047374431927496 -0.038193007080184 -0.030622304412333 -0.024467881929987 -0.019522190636375 -0.015545198604039 -0.012367168452745 -0.009833182034905 -0.007810651150739 -0.006210029297466 -0.004934684247175 -0.003917201465268 -0.003113697075725 -0.002474017416838 -0.001964524075120 -0.001559891322643 -0.001240005919052 -0.000984615614139 -0.000782301704522 -0.000621472229760 -0.000493317404491 -0.000392174758486 -0.000311251558200
-0.110087430480817 -0.118753790141908 -0.121974053792943 -0.118982929699770 -0.110491973675728 -0.098321081772637 -0.084526910269983 -0.070842253173972 -0.058289433091233 -0.047380528121101 -0.038193007080184 -0.030622714028252 -0.024486870386683 -0.019525959135410 -0.015547991589469 -0.012369260392471 -0.009828620334346 -0.007816220498518 -0.006211900089153 -0.004931513671598 -0.003920173615073 -0.003114922630914 -0.002473498869544 -0.001964060737659 -0.001561306726467 -0.001239748711081 -0.000985014855120 -0.000782512374360 -0.000621150082096 -0.000493798921320 -0.000391906332839
-0.097795632895326 -0.110075508635744 -0.118749708597885 -0.121973930288427 -0.118988998873983 -0.110511044591022 -0.098321322653969 -0.084540069256923 -0.070835556779791 -0.058295871397921 -0.047379925304171 -0.038193007080184 -0.030645779708862 -0.024491229193944 -0.019529183757015 -0.015550400245173 -0.012363363268956 -0.009835484442843 -0.007818465454611 -0.006207825115356 -0.004935186086800 -0.003921662102361 -0.003114226784386 -0.002472881347985 -0.001965815608410 -0.001560961300475 -0.001240234245077 -0.000985266488083 -0.000782095938589 -0.000621747773725 -0.000493454116498
-0.084024061052089 -0.097826124226469 -0.110104977329514 -0.118764334598710 -0.121974207772809 -0.118979458722737 -0.110475091678938 -0.098288851090219 -0.084485787691899 -0.070798065269114 -0.058255405605054 -0.047346002623228 -0.038193007080184 -0.030628098917960 -0.024476579381906 -0.019517197151909 -0.015531016532148 -0.012362405426826 -0.009830676672642 -0.007807274151632 -0.006207618560902 -0.004933221359016 -0.003917737274746 -0.003111027805112 -0.002473165352400 -0.001963851762027 -0.001560357746637 -0.001239585919953 -0.000983976011732 -0.000782239415365 -0.000620830226235
-0.070364412120466 -0.084019718111608 -0.097827861488389 -0.110102530832499 -0.118762935407805 -0.121974095377373 -0.118974844257214 -0.110476725613312 -0.098271596687782 -0.084482406083514 -0.070786826124335 -0.058246123680441 -0.047372001839379 -0.038193007080184 -0.030627671393693 -0.024475966823161 -0.019504466853677 -0.015539007643772 -0.012363709264742 -0.009822461072622 -0.007811663767554 -0.006208846581244 -0.004931224237094 -0.003916048027627 -0.003113241197663 -0.002472168964866 -0.001964263811027 -0.001560472702868 -0.001238701105042 -0.000984743809962 -0.000781551143084
-0.057879545821233 -0.070359481808337 -0.084020656971342 -0.097824001559843 -0.110099400434033 -0.118756399435781 -0.121974176100483 -0.118976133187366 -0.110463534868953 -0.098269206186284 -0.084471417238635 -0.070777211399630 -0.058277330319659 -0.047372630822442 -0.038193007080184 -0.030627341728765 -0.024460470461992 -0.019514731516635 -0.015540863859189 -0.012353574123502 -0.009828118306555 -0.007813320418693 -0.006206423708419 -0.004929169714640 -0.003918890141697 -0.003112031980128 -0.002472723299623 -0.001964436859024 -0.001559381372649 -0.001239685533894 -0.000983891566370
-0.047032269834351 -0.057874605396529 -0.070359731458603 -0.084015952472036 -0.097819488861877 -0.110087427581876 -0.118760482186417 -0.121974146432532 -0.118969042542249 -0.110462131400399 -0.098259368335288 -0.084461942155632 -0.070812962389692 -0.058278635820299 -0.047373115842960 -0.038193007080184 -0.030608515780943 -0.024473511008709 -0.019517265626800 -0.015528334688504 -0.012360812168325 -0.009830309058981 -0.007810360510453 -0.006203908090229 -0.004932800851856 -0.003917411861462 -0.003112764329177 -0.002472968635264 -0.001963084919625 -0.001560637979789 -0.001238626453634
-0.037886878364133 -0.047000525259454 -0.057842522975804 -0.070318878489843 -0.083972704665116 -0.097767778122032 -0.110064672643952 -0.118741764069351 -0.121973959923320 -0.118984773283551 -0.110483766141513 -0.098287103025722 -0.084538236129883 -0.070850964510000 -0.058311679275260 -0.047400828402682 -0.038193007080184 -0.030643470885521 -0.024491903915700 -0.019513843411572 -0.015547201409724 -0.012371381505175 -0.009832816584060 -0.007812150604785 -0.006212418142854 -0.004934073125196 -0.003920823501219 -0.003115051745152 -0.002472837739729 -0.001965915726839 -0.001560296060431
-0.030393119076807 -0.037902966748629 -0.047024290069052 -0.057866239959588 -0.070345602642611 -0.083990268658703 -0.097808228895487 -0.110087426711805 -0.118763720128257 -0.121974247888256 -0.118966209137729 -0.110451209819607 -0.098291608439517 -0.084506771342449 -0.070820320077330 -0.058283870233559 -0.047349396240290 -0.038193007080184 -0.030631240272053 -0.024459365816376 -0.019514701712977 -0.015542258692727 -0.012360016218804 -0.009823508836582 -0.007813653397913 -0.006206702085291 -0.004932550613482 -0.003919079954006 -0.003111215180571 -0.002473483902297 -0.001963167738760
-0.024289375939462 -0.030394130801881 -0.037907859646014 -0.047026629130826 -0.057868978434463 -0.070338557292808 -0.084007464616718 -0.097812344396942 -0.110106438733361 -0.118768059400720 -0.121974383266962 -0.118958714591208 -0.110474014205284 -0.098285475602154 -0.084499464934283 -0.070812758072380 -0.058244687118407 -0.047367380671113 -0.038193007080184 -0.030603254584272 -0.024470320725839 -0.019516474500937 -0.015534380380157 -0.012353409090942 -0.009829438376632 -0.007809685079906 -0.006207345545549 -0.004932391218150 -0.003915868883287 -0.003113312163963 -0.002471046021000
-0.019351239413701 -0.024267721773413 -0.030370342760573 -0.037875802923751 -0.046988036919750 -0.057814716222276 -0.070300684729963 -0.083954473467928 -0.097780941832304 -0.110069601829659 -0.118750788448365 -0.121974074352101 -0.118996009887676 -0.110512969351966 -0.098333156206638 -0.084548799560301 -0.070822970578877 -0.058314036016908 -0.047408578311732 -0.038193007080184 -0.030644792029126 -0.024495180689427 -0.019524827256373 -0.015540656887000 -0.012372474617802 -0.009833708708028 -0.007817861927629 -0.006213004934789 -0.004933006048840 -0.003922209928809 -0.003113183191224
-0.015417026706730 -0.019360632697813 -0.024281827654298 -0.030385374556932 -0.037894191947957 -0.047002511962942 -0.057852358969068 -0.070330930855623 -0.084006707943665 -0.097816899858343 -0.110105299263716 -0.118770788069203 -0.121974057311548 -0.118981400986062 -0.110486146787063 -0.098299103038874 -0.084474525949711 -0.070820409022052 -0.058290671362086 -0.047347454307776 -0.038193007080184 -0.030633967907389 -0.024471959592997 -0.019505668983555 -0.015542940783922 -0.012360587451683 -0.009830245176317 -0.007814043327728 -0.006205084243647 -0.004934074533508 -0.003916555095602
-0.012267482282404 -0.015418960224252 -0.019364990004976 -0.024285301534700 -0.030389666393413 -0.037893078486234 -0.047018784398568 -0.057860638270805 -0.070359362757524 -0.084022097361914 -0.097839761325522 -0.110123151971487 -0.118760097423279 -0.121974156660772 -0.118975880969550 -0.110475757646302 -0.098249394106663 -0.084493975203703 -0.070815118716047 -0.058237711372950 -0.047363368771946 -0.038193007080184 -0.030616094042739 -0.024456876481247 -0.019515553978101 -0.015533678075503 -0.012360731996743 -0.009829026517483 -0.007806933831937 -0.006208691612358 -0.004928761187537
-0.009750078210751 -0.012261663792505 -0.015413221280217 -0.019356251056935 -0.024274422457598 -0.030371015807568 -0.037884887181558 -0.046999707537043 -0.057855200333369 -0.070339340857798 -0.084009384934003 -0.097826782664218 -0.110076042160445 -0.118749209114111 -0.121973956118122 -0.118985740948139 -0.110463864812493 -0.098302847314071 -0.084524989033232 -0.070790201519466 -0.058287177406811 -0.047389669387856 -0.038193007080184 -0.030615316639139 -0.024483636458178 -0.019515596463576 -0.015543155986845 -0.012366622217149 -0.009826001444058 -0.007816173291422 -0.006205746898214
-0.007746335409799 -0.009745189913020 -0.012256766080182 -0.015405831109218 -0.019347012562123 -0.024258720607572 -0.030363552689869 -0.037868101063020 -0.046993937309641 -0.057836105814679 -0.070325827869976 -0.083994242852930 -0.097767061176723 -0.110055730385788 -0.118737985328788 -0.121973728458102 -0.118979779202212 -0.110508002210732 -0.098333932753900 -0.084500279570571 -0.070847374491818 -0.058319347586634 -0.047390813899637 -0.038193007080184 -0.030649185018635 -0.024484318680438 -0.019527951743683 -0.015550944689264 -0.012363146345058 -0.009837873548147 -0.007812673671631
-0.006160040382823 -0.007751283068697 -0.009752393744845 -0.012264809302117 -0.015415908599306 -0.019356228076037 -0.024279857583417 -0.030383434862129 -0.037904429070907 -0.047027169710535 -0.057882206237413 -0.070376997701678 -0.084001207288474 -0.097808392518098 -0.110089892078965 -0.118757806611602 -0.121974418823691 -0.118974771036884 -0.110479886801337 -0.098244254221924 -0.084491290841434 -0.070817865633156 -0.058262293831841 -0.047340998137312 -0.038193007080184 -0.030616159378750 -0.024472294185344 -0.019515664800472 -0.015528975821287 -0.012363989708968 -0.009822278604088
-0.004892453172183 -0.006157120879394 -0.007748397316665 -0.009747971115464 -0.012259256574996 -0.015406247516337 -0.019351921031426 -0.024269436988045 -0.030380353383481 -0.037891930231283 -0.047018181458295 -0.057870957003428 -0.070319732586397 -0.083976770303873 -0.097785817833337 -0.110072131010756 -0.118764734689469 -0.121973980093313 -0.118987989313441 -0.110459633217833 -0.098300160130610 -0.084527754519470 -0.070817738849030 -0.058260840587124 -0.047389573200916 -0.038193007080184 -0.030634316275945 -0.024483721530530 -0.019509675109620 -0.015547205814084 -0.012358121536574
-0.003887740471424 -0.004893128780605 -0.006158595222500 -0.007749617504495 -0.009749503266488 -0.012259022576198 -0.015412168570554 -0.019355257660756 -0.024281519480941 -0.030388163482833 -0.037906520849417 -0.047035148291717 -0.057851299237411 -0.070331750629376 -0.083990366822921 -0.097799491490006 -0.110113095957049 -0.118756442925216 -0.121974034583262 -0.118960730050092 -0.110476060612166 -0.098299480173734 -0.084490443937984 -0.070780884586987 -0.058286464123830 -0.047362856423597 -0.038193007080184 -0.030630281928316 -0.024461579319502 -0.019520656606788 -0.015530407580888
-0.003088762591626 -0.003887748436228 -0.004893635271238 -0.006158728338741 -0.007749784028627 -0.009747993904197 -0.012262087402612 -0.015412757290422 -0.019362364845310 -0.024284598202702 -0.030396084132232 -0.037915716534091 -0.047012492413477 -0.057855043588002 -0.070336797392439 -0.083996383415567 -0.097842169041370 -0.110092171421884 -0.118755574115862 -0.121974458086693 -0.118973471083629 -0.110481839950815 -0.098271775122281 -0.084459800651291 -0.070817534920520 -0.058262112610350 -0.047368790380911 -0.038193007080184 -0.030606948118985 -0.024478505671653 -0.019502287749822
-0.002451965949379 -0.003086337440878 -0.003885090812083 -0.004889890642869 -0.006154017236389 -0.007742493673750 -0.009742782579070 -0.012252950776014 -0.015406401778486 -0.019349786439281 -0.024272266375214 -0.030380427007504 -0.037868553497847 -0.046981567718345 -0.057819492589379 -0.070297362448179 -0.083993173412866 -0.097770561781811 -0.110053575065388 -0.118758924589934 -0.121973837365163 -0.118997141432401 -0.110496184379665 -0.098288123358699 -0.084546274051243 -0.070835412862369 -0.058309313717072 -0.047403137379959 -0.038193007080184 -0.030651218132103 -0.024474522244913
-0.001949321308032 -0.002453703171091 -0.003088837375798 -0.003887918682447 -0.004893448266895 -0.006157404714588 -0.007749896310388 -0.009750018614074 -0.012266101749392 -0.015419178111636 -0.019368429450960 -0.024295145726254 -0.030385821529426 -0.037896615361059 -0.047015973633087 -0.057860426798746 -0.070379916207678 -0.084009017967944 -0.097809716972686 -0.110129718329359 -0.118764742353488 -0.121974144383461 -0.118966366662734 -0.110439875594765 -0.098284156522474 -0.084474508621703 -0.070802641200951 -0.058273225299563 -0.047338010701891 -0.038193007080184 -0.030602027696314
-0.001547124865485 -0.001947466860157 -0.002451617941584 -0.003085959891856 -0.003884297056730 -0.004888027472358 -0.006153085135230 -0.007742819544711 -0.009744364014232 -0.012256044291479 -0.015408710533836 -0.019355079625302 -0.024260021889100 -0.030359942598370 -0.037865466942754 -0.046978958372638 -0.057849289953109 -0.070299778678275 -0.083949218416262 -0.097807309902087 -0.110061829708700 -0.118735750834566 -0.121973896816184 -0.118978036381016 -0.110513834353390 -0.098311760668828 -0.084540634543962 -0.070857472918672 -0.058281714746781 -0.047410385884211 -0.038193007080184
