0.006163894049062 0.003922400414743 0.002490638709758 0.001577634591859 0.000998048067865 0.000630815641749 0.000398618273412 0.000251594693841 0.000158829243327 0.000100185981335 0.000063219950371 0.000039879966545 0.000025156577954 0.000015893309887 0.000010028885999 0.000006328117309 0.000003992860799 0.000002516171099 0.000001589351512 0.000001003091783 0.000000631888276 0.000000399169657 0.000000251974956 0.000000158866783 0.000000100158073 0.000000063289480 0.000000039903333 0.000000025189468 0.000000015922813 0.000000010032915 0.000000006340627 0.000000003993881
0.009633346552707 0.006163894049062 0.003927752474396 0.002493557011823 0.001579747507595 0.000999388274423 0.000631886923161 0.000398971864927 0.000251925070186 0.000158931942526 0.000100299392374 0.000063273832738 0.000039915063243 0.000025217940397 0.000015913081650 0.000010041072783 0.000006335666169 0.000003992545560 0.000002521916316 0.000001591666289 0.000001002656200 0.000000633387544 0.000000399824621 0.000000252084044 0.000000158927218 0.000000100425475 0.000000063317160 0.000000039969746 0.000000025224523 0.000000015919870 0.000000010061080 0.000000006337348
0.014910178001531 0.009620540886427 0.006163894049062 0.003926968161920 0.002493460333746 0.001579686366165 0.000999701563727 0.000631572884325 0.000398942820162 0.000251738972121 0.000158891487227 0.000100245826558 0.000063241783896 0.000039956985618 0.000025214328488 0.000015910343233 0.000010039121415 0.000006326387985 0.000003996117007 0.000002522089789 0.000001588770630 0.000001003642573 0.000000633547735 0.000000399443469 0.000000251830512 0.000000159130719 0.000000100330182 0.000000063334662 0.000000039969910 0.000000025184915 0.000000015942442 0.000000010041944
0.022793410514087 0.014893650105867 0.009622415387861 0.006163894049062 0.003927601124517 0.002493865262058 0.001580499133677 0.000999407582927 0.000631654872616 0.000398729132441 0.000251725979532 0.000158838883001 0.000100215400112 0.000063321054053 0.000039959375816 0.000025215109270 0.000015910481886 0.000010026455873 0.000006333333079 0.000003997203542 0.000002518012766 0.000001590656593 0.000001004100297 0.000000633072327 0.000000399122777 0.000000252204185 0.000000159012010 0.000000100378299 0.000000063347785 0.000000039915255 0.000000025225745 0.000000015915351
0.034203987602964 0.022765659784854 0.014894197064855 0.009620902555709 0.006163894049062 0.003927601977740 0.002494738795963 0.001579778300145 0.000999374007001 0.000631213685569 0.000398643335627 0.000251601477694 0.000158764679065 0.000100324557911 0.000063314466493 0.000039954065405 0.000025211197109 0.000015887805451 0.000010035817832 0.000006334016909 0.000003990088003 0.000002520588639 0.000001591121234 0.000001003182401 0.000000632460402 0.000000399649499 0.000000251974744 0.000000159062198 0.000000100382644 0.000000063250795 0.000000039973413 0.000000025178752
0.050014042852579 0.034164526320160 0.022766461864812 0.014891906436564 0.009620900516754 0.006163894049062 0.003928968422717 0.002493604882090 0.001579725010540 0.000998676851874 0.000631077858684 0.000398446204484 0.000251483929060 0.000158937532535 0.000100314100203 0.000063306039152 0.000039947858038 0.000025175260673 0.000015902636422 0.000010036899197 0.000006322740254 0.000003994168868 0.000002521324360 0.000001589666367 0.000001002212510 0.000000633294919 0.000000399285833 0.000000252054218 0.000000159069048 0.000000100228928 0.000000063342940 0.000000039898938
0.070628206933746 0.049946764231196 0.034155314845694 0.022755804209274 0.014886967337616 0.009617636196768 0.006163894049062 0.003925827725738 0.002492648527302 0.001578071149559 0.000998110658224 0.000630543609951 0.000398119551708 0.000251668678448 0.000158864801894 0.000100265292177 0.000063273824941 0.000039876813555 0.000025189849358 0.000015898725427 0.000010015487208 0.000006326968403 0.000003993921702 0.000002518128070 0.000001587567791 0.000001003179988 0.000000632494873 0.000000399270511 0.000000251975926 0.000000158769295 0.000000100339444 0.000000063202565
0.095585794455382 0.070583906549996 0.049966467771975 0.034163958459669 0.022765255855994 0.014893379293164 0.009625142303659 0.006163894049062 0.003927470815456 0.002492053414698 0.001578453192496 0.000998074893452 0.000630538371158 0.000398735419034 0.000251757989221 0.000158916618005 0.000100295772314 0.000063212678412 0.000039932374797 0.000025204140277 0.000015877714867 0.000010030337767 0.000006331723665 0.000003992103667 0.000002516849683 0.000001590393122 0.000001002727758 0.000000632985141 0.000000399471212 0.000000251705703 0.000000159073667 0.000000100198529
0.123089531004776 0.095509886664008 0.070587543381591 0.049961322135555 0.034164945935174 0.022765954904509 0.014898791450890 0.009621213966761 0.006163894049062 0.003924896186736 0.002491605122198 0.001577729765847 0.000997643803203 0.000631244868237 0.000398707424993 0.000251733045897 0.000158897333212 0.000100156254402 0.000063273822601 0.000039938033035 0.000025160126451 0.000015894492726 0.000010033606097 0.000006326149095 0.000003988379532 0.000002520256168 0.000001588999892 0.000001003078088 0.000000633033898 0.000000398873049 0.000000252080952 0.000000158782688
0.150579310202934 0.123050264699793 0.095552629954046 0.070614311761936 0.049989023788448 0.034185462275384 0.022787671323793 0.014902161247744 0.009627370849268 0.006163894049062 0.003926768641905 0.002492111394459 0.001578094949550 0.000999423299994 0.000631620518315 0.000398933434455 0.000251870232147 0.000158782127627 0.000100319964894 0.000063324989668 0.000039894884062 0.000025203511270 0.000015910277114 0.000010031459339 0.000006324463541 0.000003996441718 0.000002519728042 0.000001590615377 0.000001003824518 0.000000632507644 0.000000399734170 0.000000251787689
0.175381467159859 0.150514149772677 0.123065729478939 0.095555615546487 0.070625065134141 0.049997558385056 0.034202142660507 0.022782651164031 0.014904700678359 0.009622892353871 0.006163894049062 0.003925688803807 0.002491490024142 0.001580141387031 0.000999534265382 0.000631672575637 0.000398957483249 0.000251565776935 0.000158964533127 0.000100352413183 0.000063225915341 0.000039944297317 0.000025216307185 0.000015899160360 0.000010023923821 0.000006334174955 0.000003993666821 0.000002521066712 0.000001591027156 0.000001002503670 0.000000633565788 0.000000399075527
0.195845468480592 0.175339262210196 0.150544918946637 0.123085844269856 0.095584234568347 0.070649785053583 0.050031155810984 0.034203196855252 0.022792159067957 0.014901832873826 0.009625474585970 0.006163894049062 0.003925795564600 0.002495398782923 0.001580755480717 0.000999894944361 0.000631886845489 0.000398586805778 0.000251925029860 0.000159060386942 0.000100223447363 0.000063321920998 0.000039975752888 0.000025205736668 0.000015891661052 0.000010042123702 0.000006331547430 0.000003996906227 0.000002522424730 0.000001589378116 0.000001004461679 0.000000632698789
0.211478678506112 0.195811028577398 0.175364362915369 0.150562402124508 0.123114229626604 0.095611271071224 0.070690784920691 0.050031485487355 0.034215908672001 0.022787358520550 0.014905352809341 0.009625219226708 0.006163894049062 0.003931809778577 0.002496296485824 0.001581281043736 0.001000206044880 0.000631282918248 0.000399144639471 0.000252069914330 0.000158851634521 0.000100372833541 0.000063370029144 0.000039957891503 0.000025193151466 0.000015920073698 0.000010037680541 0.000006336507891 0.000003998948629 0.000002519740659 0.000001592438314 0.000001003059393
0.222702425815704 0.211408204259536 0.195769906974005 0.175302291729185 0.150499698632362 0.123048128124380 0.095568785109792 0.070613523958565 0.049987064855695 0.034163496236732 0.022760494047473 0.014883237814973 0.009610855405794 0.006163894049062 0.003927199204264 0.002493279995587 0.001579327863904 0.000997703845316 0.000631184852647 0.000398753879550 0.000251348067529 0.000158841056824 0.000100292898664 0.000063243217542 0.000039875829659 0.000025198939137 0.000015888279274 0.000010029919481 0.000006329884708 0.000003988479882 0.000002520665255 0.000001587741654
0.230466415665770 0.222677161830339 0.211412351170051 0.195767562964348 0.175307448304914 0.150505703559501 0.123075932581364 0.095548260315192 0.070617032162414 0.049963478104193 0.034160233212107 0.022752444837539 0.014878167947592 0.009621863123663 0.006163894049062 0.003927087755026 0.002493153906776 0.001577254849184 0.000998735015453 0.000631318343807 0.000398086587385 0.000251631077048 0.000158903949192 0.000100211678507 0.000063188676913 0.000039932599736 0.000025178636873 0.000015894947660 0.000010031397464 0.000006320851172 0.000003994706848 0.000002516231424
0.235660733218179 0.230449701441147 0.222680660575243 0.211411454722759 0.195772770834601 0.175314045463828 0.150533736069082 0.123056122317404 0.095553991729395 0.070588718690267 0.049960211221745 0.034149631448998 0.022745560527986 0.014895217439322 0.009622129514775 0.006163894049062 0.003927001817401 0.002489965236547 0.001578926248957 0.000998974617982 0.000630281049600 0.000398546022270 0.000251737927008 0.000158779875100 0.000100128158326 0.000063280453612 0.000039901580180 0.000025189930917 0.000015897748596 0.000010017370707 0.000006330902122 0.000003987795313
0.239065092165474 0.235649891149947 0.230452377582337 0.222680483422351 0.211415946507518 0.195778858700427 0.175339268315518 0.150516228799574 0.123063494501738 0.095522477958575 0.070585707300664 0.049946769102615 0.034140492252909 0.022771165983343 0.014895930946748 0.009622334936752 0.006163894049062 0.003922095874535 0.002492648436067 0.001579339018178 0.000997357902023 0.000631021748980 0.000398724009021 0.000251547036131 0.000158651102940 0.000100275794488 0.000063232709110 0.000039920365386 0.000025194930206 0.000015875872822 0.000010033522608 0.000006320089312
0.241270946872590 0.239065558604573 0.235663217110349 0.230469748893673 0.222709460331752 0.211457216449744 0.195848563072229 0.175387164720367 0.150596399299082 0.123107553812057 0.095592444215750 0.070632152112981 0.049984674715773 0.034214137610231 0.022798405122654 0.014913997391279 0.009634076221772 0.006163894049062 0.003931207551447 0.002496435460664 0.001578781602740 0.000999792895893 0.000632104140810 0.000398927780840 0.000251662474502 0.000159086935594 0.000100327548825 0.000063342923173 0.000039979067505 0.000025192262840 0.000015921695454 0.000010029126431
0.242677110647849 0.241262282971772 0.239060274279679 0.235653241946139 0.230456908320264 0.222690507808698 0.211440460588482 0.195794045553679 0.175339270147934 0.150502335931436 0.123037809194859 0.095509895922010 0.070562280385646 0.049990835243676 0.034183749661128 0.022776438101696 0.014898791967384 0.009612291813787 0.006163894049062 0.003928018159623 0.002489738015100 0.001578921394708 0.000999154683925 0.000630940274687 0.000398171658228 0.000251759406101 0.000158794128170 0.000100265616707 0.000063286585349 0.000039880633983 0.000025205431596 0.000015877212488
0.243575394621182 0.242673577503543 0.241262021381354 0.239058666686202 0.235652259816101 0.230455425249662 0.222695505353050 0.211424049372921 0.195788495348644 0.175299211176953 0.150483706207020 0.123001190428670 0.095476645200313 0.070611210683856 0.049982449637923 0.034176696416944 0.022771019592472 0.014877383378516 0.009619906063292 0.006163894049062 0.003920725409925 0.002491991871506 0.001579210149522 0.000998137849328 0.000630264166240 0.000398653266022 0.000251503486333 0.000158827076191 0.000100259133995 0.000063182894270 0.000039934420580 0.000025155765722
0.244147740571125 0.243576064600418 0.242677997289072 0.241268169531740 0.239069194955373 0.235668456657252 0.230484795055114 0.222722357008048 0.211474601771259 0.195830828612465 0.175376793903137 0.150557777736350 0.123080967738176 0.095642538728069 0.070694925087901 0.050047684030969 0.034224344402475 0.022778337509228 0.014915286442259 0.009637361158066 0.006163894049062 0.003931552148984 0.002497110446135 0.001580571023210 0.000998947900321 0.000632216138366 0.000399000291125 0.000252030959936 0.000159117009550 0.000100284140716 0.000063387739585 0.000039931111446
0.244507987523477 0.244145423285795 0.243574547446913 0.242675118633913 0.241264285077989 0.239063156722602 0.235662383427975 0.230464424428884 0.222700914240410 0.211424771649392 0.195782351046495 0.175301613130034 0.150471984543501 0.123085012912867 0.095577429056678 0.070637265904046 0.050001084852049 0.034152630387001 0.022776501839695 0.014902509819152 0.009611469841926 0.006163894049062 0.003928729330641 0.002492329141461 0.001577450545886 0.000999242744423 0.000630998746193 0.000398718818336 0.000251784560008 0.000158711302627 0.000100327606120 0.000063205046116
0.244736414340926 0.244506972094319 0.244145175695402 0.243573843421295 0.242674409435089 0.241263175623535 0.239063522431928 0.235655553451843 0.230459941734058 0.222680745053876 0.211410079363941 0.195751503909966 0.175263964952237 0.150517879198543 0.123060965246599 0.095552870105840 0.070614953815443 0.049933144554473 0.034171397674665 0.022772711003814 0.014873573976541 0.009618207210117 0.006163894049062 0.003924070342530 0.002489226007423 0.001579060209787 0.000998047230019 0.000631013542286 0.000398619804636 0.000251326132939 0.000158896011861 0.000100111555090
0.244881134917780 0.244736244886464 0.244507563016074 0.244145910485335 0.243575255240328 0.242676630065299 0.241267995649581 0.239066212447575 0.235663560240001 0.230462886111142 0.222694949576577 0.211422216293199 0.195769018587186 0.175363239925349 0.150564540858133 0.123108415587106 0.095596754365856 0.070589426673276 0.050006206355039 0.034201341224675 0.022754862013333 0.014900599770651 0.009629347386661 0.006163894049062 0.003923867770946 0.002494732858076 0.001579067129891 0.000999270528733 0.000631616632722 0.000398374076606 0.000251921983668 0.000158745224667
0.244972478854880 0.244881040923891 0.244736638716660 0.244508060204781 0.244146856281879 0.243576747052703 0.242679833290114 0.241269923521452 0.239071722979967 0.235665981322201 0.230473222031085 0.222704532933183 0.211436668325440 0.195849528766025 0.175405972507481 0.150612554478297 0.123157701665135 0.095570211187453 0.070684241571409 0.050048747214502 0.034177482768346 0.022795830928193 0.014918191923105 0.009629832333956 0.006163894049062 0.003932698098601 0.002494873332451 0.001581080234267 0.001000276371738 0.000631260708517 0.000399338889703 0.000251696210691
0.245029878281453 0.244972062648416 0.244880724423748 0.244736058263956 0.244507243595490 0.244145566447060 0.243575258952141 0.242675520780423 0.241264786440937 0.239059793848184 0.235652032828225 0.230448260218362 0.222668228936922 0.211430021885744 0.195793824903130 0.175334077642273 0.150527703255123 0.122991052006733 0.095547934768773 0.070623820336987 0.049926125137337 0.034168806942562 0.022774679288800 0.014887000900436 0.009608737390453 0.006163894049062 0.003924087367681 0.002492398001640 0.001579078260750 0.000997440599154 0.000631347058456 0.000398071773196
0.245066301857201 0.245029835177831 0.244972210970238 0.244880909049035 0.244736414670905 0.244507807408577 0.244146803002212 0.243575954534547 0.242677647349965 0.241265582856497 0.239063899556409 0.235655806571524 0.230454353663496 0.222708854781202 0.211453338466606 0.195824257853693 0.175371471632431 0.150497981306923 0.123102962831286 0.095606771780783 0.070580347535094 0.050002530709285 0.034204012301065 0.022774588439952 0.014886206934920 0.009629306631399 0.006163894049062 0.003928820164960 0.002494750374851 0.001578102799103 0.000999793464683 0.000630746354199
0.245089224226484 0.245066198402731 0.245029807921800 0.244972136076840 0.244880830992009 0.244736291217691 0.244507831162695 0.244146045239622 0.243575415686873 0.242675181542947 0.241263564150083 0.239059106579417 0.235648682288346 0.230464998143806 0.222700332875563 0.211440366922149 0.195805826734936 0.175285175351115 0.150533549642667 0.123090359865984 0.095485582877816 0.070615604310380 0.050001600680305 0.034167989611816 0.022748190427387 0.014900209856852 0.009617990266561 0.006163894049062 0.003927768308582 0.002490193335118 0.001579891444922 0.000997625288575
0.245103703292010 0.245089169609543 0.245066198147488 0.245029787486006 0.244972129313942 0.244880820338283 0.244736412834843 0.244507520004087 0.244145969880465 0.243574267597143 0.242674553030089 0.241261516304342 0.239056084773621 0.235658194695379 0.230462970975796 0.222696753602704 0.211434625612365 0.195748253985870 0.175329276379004 0.150537273724353 0.122979569374250 0.095542155706069 0.070628014971451 0.049963721963586 0.034138426936689 0.022774442312787 0.014886901890512 0.009620503050222 0.006163894049062 0.003921687495279 0.002493676523614 0.001576900140832
0.245112866417630 0.245103707870239 0.245089231319209 0.245066283285806 0.245029938523537 0.244972368569746 0.244881286538564 0.244736832592683 0.244508447374351 0.244146783263859 0.243576299209702 0.242677070040437 0.241265563829195 0.239071574490496 0.235671170201017 0.230482211239186 0.222724711473335 0.211437688842093 0.195844813417210 0.175410504451409 0.150522909303542 0.123134655969125 0.095647588758127 0.070658834098585 0.049986069808943 0.034221903935359 0.022787255355763 0.014912703585884 0.009635054856555 0.006163894049062 0.003933228513326 0.002492856568470
0.245118611004143 0.245112822597691 0.245103672756860 0.245089167705836 0.245066192691579 0.245029795031471 0.244972196553430 0.244880813154696 0.244736249689122 0.244507112325910 0.244145147792552 0.243573287582996 0.242672399152134 0.241264169541859 0.239062360727075 0.235656733403615 0.230460056242504 0.222666157120979 0.211422566594619 0.195792038793889 0.175250109371069 0.150497948409266 0.123063999660073 0.095510595267205 0.070537981945633 0.049980646217104 0.034152613670281 0.022763771773741 0.014892974019393 0.009607473163636 0.006163894049062 0.003920405859746
0.245122262295761 0.245118616105291 0.245112852369701 0.245103714901313 0.245089240921846 0.245066308702853 0.245030013630353 0.244972415885241 0.244881265709323 0.244736705236326 0.244508133459820 0.244146487826968 0.243575444441047 0.242679567906765 0.241270855898699 0.239072587461349 0.235672264581934 0.230466085887981 0.222722999133635 0.211479611671711 0.195795284827718 0.175393145010046 0.150622102951649 0.123121673734307 0.095562456892923 0.070696785839959 0.050018400479893 0.034216454834689 0.022803072428125 0.014897613783140 0.009638127420670 0.006163894049062
