0.006163371557002 0.003927419194034 0.002493345287366 0.001579613316709 0.000999303358969 0.000631833224155 0.000398937955817 0.000251903657292 0.000158918433188 0.000100290866615 0.000063268454172 0.000039911670242 0.000025215796718 0.000015911728935 0.000010040219224 0.000006335127594 0.000003992206166 0.000002521701935 0.000001591530986 0.000001002570967 0.000000633333701 0.000000399790633 0.000000252062615 0.000000158913708 0.000000100416938 0.000000063311777 0.000000039966349 0.000000025222379 0.000000015918398 0.000000010060149 0.000000006336762
0.009619726643225 0.006163371557002 0.003926634947990 0.002493248617488 0.001579552180469 0.000999616621666 0.000631519211999 0.000398908913520 0.000251717575043 0.000158877981327 0.000100237305352 0.000063236408055 0.000039953589054 0.000025212185116 0.000015908990751 0.000010038268022 0.000006325850198 0.000003995777309 0.000002521875393 0.000001588635574 0.000001003557256 0.000000633493879 0.000000399409513 0.000000251809105 0.000000159117191 0.000000100321653 0.000000063329278 0.000000039966513 0.000000025182775 0.000000015940967 0.000000010041015
0.014892392450530 0.009621600986682 0.006163371557002 0.003927267856975 0.002493653511458 0.001580364878992 0.000999322665833 0.000631601193324 0.000398695243958 0.000251704583559 0.000158825381573 0.000100206881491 0.000063315671474 0.000039955979049 0.000025212965832 0.000015909129392 0.000010025603557 0.000006332794702 0.000003996863752 0.000002517798718 0.000001590521376 0.000001004014942 0.000000633018511 0.000000399088849 0.000000252182745 0.000000158998493 0.000000100369766 0.000000063342400 0.000000039911862 0.000000025223601 0.000000015913879
0.022763743684632 0.014892939363625 0.009620088282027 0.006163371557002 0.003927268710125 0.002494526971278 0.001579644106646 0.000999289092759 0.000631160043759 0.000398609454434 0.000251580092302 0.000158751183944 0.000100316030012 0.000063309084473 0.000039950669089 0.000025209054004 0.000015886454885 0.000010034964721 0.000006333478474 0.000003989748818 0.000002520374371 0.000001590985978 0.000001003097124 0.000000632406638 0.000000399615526 0.000000251953324 0.000000159048677 0.000000100374111 0.000000063245418 0.000000039970015 0.000000025176612
0.034161663577393 0.022764545697704 0.014890648927531 0.009620086243243 0.006163371557002 0.003928635039364 0.002493393153573 0.001579590821564 0.000998591996840 0.000631024228413 0.000398412340043 0.000251462553657 0.000158924022722 0.000100305573193 0.000063300657849 0.000039944462250 0.000025173120622 0.000015901284595 0.000010036045993 0.000006322202777 0.000003993829336 0.000002521110029 0.000001589531234 0.000001002127315 0.000000633241084 0.000000399251891 0.000000252032791 0.000000159055526 0.000000100220408 0.000000063337555 0.000000039895546
0.049942602374505 0.034152452864900 0.022753888930906 0.014885710243002 0.009616822198363 0.006163371557002 0.003925494608403 0.002492436879894 0.001577937100967 0.000998025851275 0.000630490025068 0.000398085715024 0.000251647287344 0.000158851298263 0.000100256769316 0.000063268446376 0.000039873423807 0.000025187708067 0.000015897373933 0.000010014635824 0.000006326430567 0.000003993582191 0.000002517914011 0.000001587432837 0.000001003094711 0.000000632441107 0.000000399236570 0.000000251954506 0.000000158755799 0.000000100330915 0.000000063197192
0.070578062234467 0.049962304300829 0.034161095763875 0.022763339789456 0.014892121660550 0.009624327672666 0.006163371557002 0.003927137558951 0.002491841817763 0.001578319111475 0.000997990089541 0.000630484786721 0.000398701530017 0.000251736590527 0.000158903109970 0.000100287246862 0.000063207305045 0.000039928980325 0.000025201997772 0.000015876365159 0.000010029485121 0.000006331185425 0.000003991764311 0.000002516635733 0.000001590257927 0.000001002642520 0.000000632931333 0.000000399437254 0.000000251684306 0.000000159060145 0.000000100190012
0.095502027509879 0.070581698770902 0.049957159086027 0.034162083157696 0.022764038779677 0.014897533364167 0.009620399666834 0.006163371557002 0.003924563148303 0.002491393563282 0.001577595746232 0.000997559035904 0.000631191223778 0.000398673538354 0.000251711649323 0.000158883826816 0.000100147740809 0.000063268444037 0.000039934638082 0.000025157987687 0.000015893141591 0.000010032753174 0.000006325611329 0.000003988040492 0.000002520041929 0.000001588864816 0.000001002992819 0.000000632980086 0.000000398839142 0.000000252059524 0.000000158769190
0.123040190639305 0.095544767356105 0.070608464978772 0.049984858469143 0.034182597800812 0.022785753388055 0.014900902878277 0.009626556030463 0.006163371557002 0.003926435444874 0.002491899792606 0.001577960898937 0.000999338381566 0.000631566841942 0.000398899528611 0.000251848823914 0.000158768631022 0.000100311437386 0.000063319606754 0.000039891492778 0.000025201368818 0.000015908924637 0.000010030606597 0.000006323925919 0.000003996101993 0.000002519513847 0.000001590480163 0.000001003739186 0.000000632453876 0.000000399700190 0.000000251766286
0.150501866751407 0.123055654175810 0.095547752707999 0.070619217478258 0.049993392366463 0.034199276806166 0.022780733646915 0.014903442095822 0.009622077912495 0.006163371557002 0.003925355698239 0.002491278474988 0.001580007162712 0.000999449337529 0.000631618894841 0.000398923575361 0.000251544394577 0.000158951021019 0.000100343882916 0.000063220540849 0.000039940901832 0.000025214163646 0.000015897808828 0.000010023071720 0.000006333636506 0.000003993327332 0.000002520852404 0.000001590891907 0.000001002418451 0.000000633511931 0.000000399041603
0.175324972005926 0.150532633445837 0.123075767350442 0.095576369424052 0.070643935391503 0.050026987039594 0.034200330913711 0.022790240757995 0.014900574531911 0.009624659926974 0.006163371557002 0.003925462449990 0.002495186902263 0.001580621204272 0.000999809985877 0.000631833146489 0.000398552929389 0.000251903616970 0.000159046866687 0.000100214928059 0.000063316538345 0.000039972354729 0.000025203594027 0.000015890310158 0.000010041270054 0.000006331009205 0.000003996566462 0.000002522210306 0.000001589243008 0.000001004376293 0.000000632645005
0.195795068846884 0.175350070673318 0.150550115214821 0.123104150426341 0.095603403748637 0.070684931931224 0.050027316688953 0.034213041678974 0.022785440610896 0.014904094172087 0.009624404589232 0.006163371557002 0.003931476154561 0.002496084529029 0.001581146722680 0.001000121059974 0.000631229270557 0.000399110715680 0.000252048489127 0.000158838132009 0.000100364301538 0.000063364642402 0.000039954494863 0.000025191009894 0.000015918720389 0.000010036827271 0.000006335969245 0.000003998608691 0.000002519526464 0.000001592302946 0.000001002974126
0.211390960234694 0.195753950614018 0.175288004526297 0.150487416775630 0.123038054235572 0.095560921210244 0.070607677239338 0.049982899696897 0.034160633579172 0.022758578378020 0.014881981033289 0.009610041978853 0.006163371557002 0.003926865970764 0.002493068294624 0.001579193708639 0.000997619072917 0.000631131213287 0.000398719988963 0.000251326703673 0.000158827555211 0.000100284373456 0.000063237841579 0.000039872439994 0.000025196797074 0.000015886928668 0.000010029066871 0.000006329346624 0.000003988140833 0.000002520450981 0.000001587606685
0.222658981700752 0.211395106802075 0.195751606796485 0.175293160683401 0.150493421218866 0.123065856458384 0.095540398069310 0.070611185158468 0.049959314878011 0.034157370824464 0.022750529839310 0.014876911591303 0.009621048769027 0.006163371557002 0.003926754530966 0.002492942216506 0.001577120869881 0.000998650155479 0.000631264693105 0.000398052753502 0.000251609689140 0.000158890442234 0.000100203160203 0.000063183305586 0.000039929205245 0.000025176496535 0.000015893596487 0.000010030544728 0.000006320313856 0.000003994367270 0.000002516017527
0.230430871052065 0.222662480153829 0.211394210428960 0.195756814239881 0.175299757306739 0.150521451469455 0.123046047786239 0.095546129021737 0.070582873984192 0.049956048263242 0.034146769938336 0.022743646103844 0.014893959652477 0.009621315137689 0.006163371557002 0.003926668600620 0.002489753816712 0.001578792127782 0.000998889737659 0.000630227487024 0.000398512149346 0.000251716530019 0.000158766378687 0.000100119647121 0.000063275074484 0.000039898188326 0.000025187789619 0.000015896397185 0.000010016519163 0.000006330363952 0.000003987456323
0.235630623415279 0.230433546968672 0.222662303015712 0.211398701842048 0.195762901606719 0.175324978110752 0.150503945610767 0.123053419378196 0.095514617789967 0.070579862838989 0.049942607245525 0.034137631498248 0.022769249423963 0.014894673100036 0.009621520542354 0.006163371557002 0.003921763073290 0.002492436788667 0.001579204861966 0.000997273159005 0.000630968123476 0.000398690120973 0.000251525655365 0.000158637617472 0.000100267270734 0.000063227334040 0.000039916971935 0.000025192788483 0.000015874523270 0.000010032669691 0.000006319552061
0.239046002547020 0.235643948252473 0.230450916822189 0.222691277508139 0.211439968369364 0.195832600265139 0.175372870627152 0.150584109649709 0.123097475148215 0.095584578410014 0.070626303881938 0.049980509752814 0.034211270763700 0.022796486291849 0.014912738028706 0.009633260837866 0.006163371557002 0.003930873978440 0.002496223492083 0.001578647493842 0.000999707946075 0.000632050423350 0.000398893875476 0.000251641083925 0.000159073413083 0.000100319020672 0.000063337538735 0.000039975669064 0.000025190121345 0.000015920342007 0.000010028273888
0.241242541024302 0.239040718668854 0.235633973929043 0.230438077326377 0.222672326565928 0.211423213894589 0.195778087215185 0.175324979943019 0.150490053862179 0.123027736135209 0.095502036767135 0.070556437825278 0.049986669775948 0.034180885328222 0.022774521102679 0.014897533880618 0.009611478265790 0.006163371557002 0.003927684856758 0.002489526614536 0.001578787273944 0.000999069788310 0.000630886656105 0.000398137817116 0.000251738007287 0.000158780630546 0.000100257093818 0.000063281205700 0.000039877243909 0.000025203288981 0.000015875862822
0.242653715935693 0.241242279456042 0.239039111211279 0.235632991881786 0.230436594380235 0.222677323693433 0.211406804036982 0.195772537465073 0.175284924224152 0.150471425639026 0.122991120311448 0.095468788724457 0.070605364152369 0.049978284857278 0.034173832667474 0.022769103045299 0.014876127088057 0.009619091873591 0.006163371557002 0.003920392724759 0.002491780279790 0.001579076004249 0.000998053040070 0.000630210605098 0.000398619383986 0.000251482109268 0.000158813575766 0.000100250611657 0.000063177523435 0.000039931025934 0.000025153627328
0.243556126457339 0.242658135346362 0.241248427085647 0.239049638590408 0.235649187357745 0.230465961720924 0.222704173108701 0.211457352252291 0.195814867259017 0.175362500651878 0.150545491199322 0.123070891210606 0.095634668886306 0.070689071762436 0.050043513905361 0.034221476711672 0.022776420351822 0.014914026971529 0.009636545497320 0.006163371557002 0.003931218546789 0.002496898420309 0.001580436762423 0.000998863022267 0.000632162411391 0.000398966379600 0.000252009538043 0.000159103484482 0.000100275616253 0.000063382351337 0.000039927717081
0.244125436800309 0.243554609432617 0.242655256935354 0.241244542960931 0.239043600868100 0.235643114640368 0.230445592804238 0.222682732129635 0.211407526253688 0.195766393666539 0.175287325982236 0.150459704920085 0.123074936060255 0.095569564460696 0.070631417257983 0.049996918544514 0.034149768628265 0.022774584835364 0.014901251420438 0.009610656363203 0.006163371557002 0.003928395967540 0.002492117521140 0.001577316549972 0.000999157841329 0.000630945122644 0.000398684930729 0.000251763159056 0.000158697812042 0.000100319077962 0.000063199673397
0.244486954897627 0.244125189230943 0.243553905466760 0.242654547796680 0.241243433600453 0.239043966546510 0.235636285239917 0.230441110485604 0.222662564625415 0.211392835183945 0.195735549058360 0.175249680860795 0.150505595876738 0.123050890326290 0.095545007488550 0.070609106980172 0.049928983813752 0.034168534363503 0.022770794315596 0.014872318005717 0.009617393163589 0.006163371557002 0.003923737374046 0.002489014650283 0.001578926077241 0.000997962428457 0.000630959917480 0.000398585925443 0.000251304770947 0.000158882505577 0.000100103045296
0.244716208209190 0.244487545769179 0.244125923958472 0.243555317165951 0.242656768238549 0.241248253218217 0.239046656334747 0.235644291353203 0.230444054615593 0.222676767963318 0.211404971108937 0.195753062300015 0.175348947774467 0.150552253776095 0.123098336854018 0.095588888212858 0.070583581909742 0.050002039627871 0.034198475436627 0.022752946813535 0.014899341532200 0.009628532401280 0.006163371557002 0.003923534819621 0.002494521033894 0.001578932996758 0.000999185623279 0.000631562956679 0.000398340218294 0.000251900571036 0.000158731731199
0.244860991941608 0.244716602005919 0.244488042915646 0.244126869674690 0.243556808851695 0.242659971191684 0.241250180926787 0.239052166401286 0.235646712231336 0.230454389668129 0.222686350520570 0.211419421945341 0.195833565879779 0.175391676887344 0.150600263527040 0.123147618971760 0.095562347173007 0.070678389112970 0.050044577001784 0.034174618953830 0.022793912312044 0.014916932208594 0.009629017307706 0.006163371557002 0.003932364399345 0.002494661496356 0.001580945930257 0.001000191380860 0.000631207062712 0.000399304949406 0.000251674817248
0.244952005930103 0.244860675468364 0.244716021602540 0.244487226375732 0.244125579949416 0.243555320877449 0.242655659047756 0.241245044281410 0.239040238277973 0.235632764913042 0.230429429950228 0.222650049552419 0.211412776055608 0.195777866582722 0.175319787858905 0.150515419141650 0.122980982704164 0.095540072549120 0.070617972782129 0.049921964971777 0.034165943845704 0.022772762436449 0.014885743803006 0.009607924142013 0.006163371557002 0.003923754397755 0.002492186375480 0.001578944126671 0.000997355849112 0.000631293405315 0.000398037940572
0.245009773549030 0.244952154239318 0.244860860077959 0.244716377979202 0.244487790140919 0.244126816399547 0.243556016400811 0.242657785436934 0.241245840629510 0.239044343639109 0.235636538338263 0.230435522883997 0.222690672008098 0.211436090707117 0.195808297038827 0.175357178813260 0.150485699588581 0.123092884536344 0.095598904820697 0.070574503508411 0.049998364283282 0.034201146292072 0.022772671595177 0.014884949904109 0.009628491649453 0.006163371557002 0.003928486794165 0.002494538549183 0.001577968747824 0.000999708514817 0.000630692752092
0.245046133683030 0.245009746295315 0.244952079352285 0.244860782027567 0.244716254536479 0.244487813893019 0.244126058701314 0.243555477598877 0.242655319839052 0.241243822094091 0.239039551067306 0.235629414655569 0.230446166471012 0.222682150813280 0.211423120236006 0.195789867430795 0.175270889537775 0.150521265058063 0.123080282583728 0.095477725681847 0.070609757422315 0.049997434330504 0.034165126582566 0.022746275783935 0.014898951651117 0.009617176238316 0.006163371557002 0.003927435026879 0.002489981895938 0.001579757241818 0.000997540522848
0.245069102937219 0.245046133427808 0.245009725861258 0.244952072589962 0.244860771374747 0.244716376143297 0.244487502760846 0.244125983348557 0.243554329606601 0.242654691379500 0.241241774421813 0.239036529516967 0.235638926260829 0.230444139473125 0.222678571838970 0.211417379401291 0.195732299400638 0.175314986985420 0.150524988839644 0.122969500994345 0.095534293952032 0.070622167076168 0.049959558717423 0.034135566352873 0.022772525480197 0.014885644801389 0.009619688810208 0.006163371557002 0.003921354728625 0.002493464789021 0.001576766191637
0.245083639962097 0.245069164641639 0.245046218558889 0.245009876885951 0.244952311825431 0.244861237535407 0.244716795865468 0.244488430052322 0.244126796662871 0.243556361046709 0.242657208176371 0.241245821603820 0.239052017924368 0.235651900672790 0.230463378121836 0.222706527377597 0.211420442377550 0.195828850917469 0.175396208463341 0.150510625576388 0.123124575127542 0.095639718509494 0.070652983702116 0.049981904731675 0.034219036446423 0.022785337454712 0.014911444331867 0.009634239390174 0.006163371557002 0.003932894769143 0.002492644903418
0.245092753914747 0.245083604851703 0.245069101033674 0.245046127972363 0.245009733406081 0.244952139823735 0.244860764191770 0.244716213011439 0.244487095117304 0.244125161330464 0.243553349675642 0.242652537684224 0.241244427434587 0.239042804939865 0.235637465092234 0.230441224984441 0.222647977909283 0.211405321381372 0.195776080619880 0.175235826404439 0.150485666693574 0.123053924495940 0.095502736055983 0.070532141357323 0.049976481584224 0.034149751912929 0.022761855830959 0.014891716420783 0.009606660021742 0.006163371557002 0.003920073201646
0.245098546929864 0.245092783684226 0.245083646992573 0.245069174243460 0.245046243973776 0.245009951986383 0.244952359136905 0.244861216707936 0.244716668519933 0.244488116164461 0.244126501251072 0.243555506350610 0.242659705830844 0.241251113225056 0.239053030809586 0.235652994961464 0.230447254123903 0.222704815180727 0.211462361738184 0.195779326387647 0.175378850431318 0.150609811230916 0.123111593935886 0.095554593503234 0.070690932363485 0.050014232753602 0.034213587796484 0.022801153208126 0.014896355795230 0.009637311695348 0.006163371557002
