9995  1.729000e+00  -5.600000e-01
8252  1.813000e+00  -6.404000e-01
6812  1.902000e+00  -7.210000e-01
5625  2.001000e+00  -7.974000e-01
4643  2.105000e+00  -8.733000e-01
3833  2.217000e+00  -9.486000e-01
3164  2.335000e+00  -1.023000e+00
2612  2.463000e+00  -1.100000e+00
2153  2.599000e+00  -1.181000e+00
1777  2.740000e+00  -1.263000e+00
1470  2.891000e+00  -1.347000e+00
1211  3.051000e+00  -1.434000e+00
1001  3.233000e+00  -1.528000e+00
8.252000e+02  3.435000e+00  -1.631000e+00
6.836000e+02  3.642000e+00  -1.739000e+00
5.615000e+02  3.855000e+00  -1.850000e+00
4.639000e+02  4.075000e+00  -1.966000e+00
3.809000e+02  4.305000e+00  -2.087000e+00
3.174000e+02  4.550000e+00  -2.216000e+00
2.588000e+02  4.812000e+00  -2.353000e+00
2.148000e+02  5.093000e+00  -2.498000e+00
1.758000e+02  5.394000e+00  -2.651000e+00
1.465000e+02  5.709000e+00  -2.807000e+00
1.221000e+02  6.060000e+00  -2.970000e+00
9.766000e+01  6.456000e+00  -3.121000e+00
8.254000e+01  6.882000e+00  -3.265000e+00
6.813000e+01  7.359000e+00  -3.433000e+00
5.623000e+01  7.841000e+00  -3.596000e+00
4.642000e+01  8.310000e+00  -3.737000e+00
3.831000e+01  8.806000e+00  -3.859000e+00
3.162000e+01  9.329000e+00  -3.956000e+00
2.610000e+01  9.877000e+00  -4.028000e+00
2.154000e+01  1.044000e+01  -4.075000e+00
1.778000e+01  1.101000e+01  -4.099000e+00
1.468000e+01  1.159000e+01  -4.096000e+00
1.212000e+01  1.216000e+01  -4.052000e+00
10  1.273000e+01  -3.971000e+00
8.254000e+00  1.329000e+01  -3.868000e+00
6.813000e+00  1.383000e+01  -3.738000e+00
5.623000e+00  1.436000e+01  -3.579000e+00
4.642000e+00  1.487000e+01  -3.385000e+00
3.831000e+00  1.533000e+01  -3.159000e+00
3.162000e+00  1.575000e+01  -2.914000e+00
2.610000e+00  1.611000e+01  -2.658000e+00
2.154000e+00  1.642000e+01  -2.399000e+00
1.778000e+00  1.669000e+01  -2.142000e+00
1.468000e+00  1.692000e+01  -1.903000e+00
1.212000e+00  1.709000e+01  -1.681000e+00
2.154000e+01  1.044000e+01  -4.075000e+00
1.778000e+01  1.101000e+01  -4.099000e+00
1.468000e+01  1.159000e+01  -4.096000e+00
1.212000e+01  1.216000e+01  -4.052000e+00
10  1.273000e+01  -3.971000e+00
8.254000e+00  1.329000e+01  -3.868000e+00
6.813000e+00  1.383000e+01  -3.738000e+00
5.623000e+00  1.436000e+01  -3.579000e+00
