1.204503500000000038e+01 2.000000000000000000e+02 0.000000000000000000e+00
1.321941200000000016e+01 -1.000000000000000000e+02 5.000000000000000000e+01
1.450828699999999927e+01 5.000000000000000000e+01 0.000000000000000000e+00
1.592282800000000087e+01 3.333333600000000274e+01 -1.666666800000000137e+01
1.747528499999999951e+01 0.000000000000000000e+00 0.000000000000000000e+00
1.917910200000000032e+01 -5.000000000000000000e+01 0.000000000000000000e+00
2.104904200000000003e+01 5.000000000000000000e+01 -2.500000000000000000e+01
2.310129699999999886e+01 -2.500000000000000000e+01 2.500000000000000000e+01
2.535364500000000021e+01 0.000000000000000000e+00 0.000000000000000000e+00
2.782559399999999883e+01 -1.000000000000000000e+01 3.000000199999999850e+01
3.053855499999999878e+01 0.000000000000000000e+00 -5.000000000000000000e+01
3.351602599999999654e+01 0.000000000000000000e+00 0.000000000000000000e+00
3.678379799999999733e+01 5.000000000000000000e+01 1.000000000000000000e+02
4.037017399999999867e+01 -4.000000000000000000e+01 2.000000000000000000e+01
4.430621299999999962e+01 0.000000000000000000e+00 0.000000000000000000e+00
4.862601500000000243e+01 0.000000000000000000e+00 0.000000000000000000e+00
5.336699300000000079e+01 2.316194199999999981e+01 3.751802099999999740e+01
5.857021000000000299e+01 4.783051700000000039e+01 6.213079999999999714e-01
6.428073100000000295e+01 3.230156699999999859e+01 -3.853070000000000106e-01
7.054801899999999648e+01 -1.109285200000000060e+01 1.524239900000000070e+01
7.742636899999999400e+01 1.814671699999999888e+01 -1.969112000000000151e+01
8.497534199999999771e+01 -6.394052000000000291e+00 -2.568773300000000148e+01
9.326033800000000440e+01 -5.304518999999999984e+00 -4.666011799999999710e+01
1.023531040000000019e+02 -1.712328700000000126e+01 3.767123399999999833e+01
1.123324049999999943e+02 2.500000000000000000e+01 5.833333199999999863e+01
1.232846760000000046e+02 -1.676470640000000003e+02 7.058823399999999992e+01
1.353047789999999964e+02 -1.000000000000000000e+01 3.000000199999999850e+01
1.484968259999999987e+02 -6.164383300000000077e+01 -3.561643999999999721e+01
1.629750819999999862e+02 6.000000399999999701e+01 -7.000000000000000000e+01
1.788649599999999964e+02 -1.666666800000000137e+01 -6.666667200000000548e+01
1.963040619999999876e+02 -2.307692300000000074e+01 -3.461538699999999835e+01
2.154434660000000008e+02 -3.529411699999999996e+01 -1.088235240000000061e+02
2.364489440000000116e+02 7.352941999999999645e+00 4.411764999999999937e+00
2.595024109999999951e+02 -2.247191000000000116e+01 -1.404494399999999921e+01
2.848035889999999881e+02 6.506849699999999359e+01 4.315068399999999826e+01
3.125715940000000046e+02 3.000000199999999850e+01 -1.100000000000000000e+02
3.430469360000000165e+02 5.405406000000000155e+00 1.756756800000000140e+01
3.764935909999999808e+02 -4.482758700000000118e+01 1.206896500000000039e+01
4.132012330000000020e+02 3.048780599999999907e+01 2.439024399999999915e+01
4.534878540000000271e+02 -2.941176600000000008e+01 -1.764705800000000124e+01
4.977023619999999937e+02 -7.500000000000000000e+01 -5.000000000000000000e+01
5.462277219999999716e+02 1.486486499999999999e+01 -6.081080999999999648e+01
5.994842529999999670e+02 -7.600000000000000000e+01 -3.200000000000000000e+01
6.579332279999999855e+02 -3.529411699999999996e+01 -4.117647199999999685e+01
7.220808719999999994e+02 -6.000000399999999701e+01 2.000000000000000000e+01
7.924829099999999471e+02 1.886792600000000064e+01 -3.396226500000000215e+01
8.697490229999999656e+02 0.000000000000000000e+00 2.000000000000000000e+01
9.545484619999999722e+02 -1.000000000000000000e+01 -3.000000199999999850e+01
1.047615722999999889e+03 -8.846153300000000286e+01 -1.576923069999999996e+02
1.149756957999999941e+03 -6.666667200000000548e+01 8.333332799999999452e+01
1.261856933999999910e+03 2.941176000000000013e+00 1.323529399999999967e+01
1.384886353000000099e+03 -3.000000000000000000e+02 3.000000000000000000e+02
1.519911133000000063e+03 -1.250000000000000000e+02 -2.500000000000000000e+01
1.668100586000000021e+03 8.000000000000000000e+01 5.000000000000000000e+01
1.830738280999999915e+03 -2.800000000000000000e+01 -4.000000000000000000e+00
2.009233032000000094e+03 8.461537999999999116e+00 -1.769230800000000059e+01
2.205130858999999873e+03 -3.529411699999999996e+01 -4.117647199999999685e+01
2.420128173999999944e+03 -5.615384699999999896e+01 4.923076999999999970e+01
2.656087891000000127e+03 3.666666800000000137e+01 -6.666667000000000343e+00
2.915052979000000050e+03 1.500000099999999925e+01 5.000000000000000000e+00
3.199267089999999826e+03 1.500000000000000000e+02 1.500000000000000000e+02
3.511191650000000209e+03 -1.000000000000000000e+01 0.000000000000000000e+00
3.853528564000000188e+03 -1.176470600000000033e+01 -5.294117700000000326e+01
4.229242675999999847e+03 -3.780487800000000220e+01 -9.756097000000000463e+00
4.641588867000000391e+03 -5.000000000000000000e+00 -1.500000099999999925e+01
5.094138184000000365e+03 6.000000399999999701e+01 7.000000000000000000e+01
5.590810059000000365e+03 -1.250000000000000000e+01 -1.250000000000000000e+01
6.135907226999999693e+03 0.000000000000000000e+00 0.000000000000000000e+00
6.734150878999999804e+03 1.600000000000000000e+02 -2.000000000000000000e+01
7.390722168000000238e+03 8.333332799999999452e+01 -1.666666800000000137e+01
8.111308105000000069e+03 4.600000000000000000e+01 2.200000000000000000e+01
8.902150390999999217e+03 2.352941099999999963e+01 -5.882353000000000165e+00
9.770099609000000783e+03 -7.692307999999999701e+00 -6.153846399999999761e+01
1.072267187500000000e+04 -6.000000399999999701e+01 0.000000000000000000e+00
1.176811914099999922e+04 2.000000000000000000e+02 -5.000000000000000000e+01
1.291549706999999944e+04 -1.800000000000000000e+02 -1.600000000000000000e+02
1.417474121100000048e+04 0.000000000000000000e+00 0.000000000000000000e+00
1.555676171900000008e+04 -4.333333199999999863e+01 3.000000199999999850e+01
1.707352734399999827e+04 0.000000000000000000e+00 1.000000000000000000e+02
1.873817382799999905e+04 -1.250000000000000000e+01 -3.750000000000000000e+01
2.056512304700000095e+04 7.692307999999999701e+00 3.846153999999999940e+01
2.257019726599999922e+04 4.836065299999999922e+01 -1.803278500000000051e+01
2.477076367200000095e+04 -5.000000000000000000e+01 5.000000000000000000e+01
2.718588281300000017e+04 -2.115384699999999896e+01 -4.423076600000000269e+01
2.983647265600000173e+04 -6.923077399999999670e+01 3.846153999999999851e+00
3.274549218800000017e+04 5.000000000000000000e+01 0.000000000000000000e+00
3.593813671900000190e+04 -1.750000000000000000e+02 -7.500000000000000000e+01
3.944206250000000000e+04 -3.000000199999999850e+01 -3.500000000000000000e+01
4.328761328099999810e+04 -5.172413999999999845e+00 -1.206896500000000039e+01
4.750810156299999653e+04 1.000000000000000000e+01 5.000000000000000000e+00
5.214008203099999810e+04 1.500000000000000000e+02 5.000000000000000000e+01
5.722367578099999810e+04 5.200000000000000000e+01 6.400000000000000000e+01
6.280291406299999653e+04 -2.500000000000000000e+01 -7.500000000000000000e+01
6.892611718800000381e+04 -4.000000000000000000e+00 2.200000000000000000e+01
7.564633593800000381e+04 6.000000399999999701e+01 -2.000000000000000000e+01
8.302175781300000381e+04 3.333333600000000274e+01 8.333332799999999452e+01
9.111627343800000381e+04 5.588235099999999989e+01 -2.647058900000000037e+01
1.000000000000000000e+05 0.000000000000000000e+00 0.000000000000000000e+00
